tree
version=v4
num_class=1
num_tree_per_iteration=1
label_index=0
max_feature_idx=176
objective=regression
feature_names=signal_direction atr_at_signal atr_at_checkpoint flip_range_atr flip_body_atr flip_body_pct flip_close_location flip_upper_wick_pct flip_lower_wick_pct flip_volume flip_vol_vs_20avg flip_close_vs_prior_close_atr flip_high_vs_prior_high_atr flip_low_vs_prior_low_atr flip_bar_bullish_volume_pct flip_bar_vol_rank_20 bar1_range_atr bar1_body_atr bar1_body_pct bar1_close_location bar1_upper_wick_pct bar1_lower_wick_pct bar1_volume bar1_vol_vs_flip_vol bar1_vol_rank_20 bar1_hh_amount_atr bar1_close_vs_flip_close_atr bar1_close_above_flip_close bar1_close_above_50pct_range bar1_bullish_volume_pct two_bar_range_atr two_bar_body_atr two_bar_close_vs_open_pct two_bar_volume_total two_bar_vol_vs_40avg pre_3_range_atr pre_3_net_return_atr pre_3_body_efficiency pre_3_up_bar_fraction pre_3_down_bar_fraction pre_3_hh_count pre_3_ll_count pre_3_close_near_high_fraction pre_3_close_near_low_fraction pre_3_volume_total pre_3_vol_vs_avg pre_3_mean_body_pct pre_3_mean_wickiness pre_5_range_atr pre_5_net_return_atr pre_5_body_efficiency pre_5_up_bar_fraction pre_5_down_bar_fraction pre_5_hh_count pre_5_ll_count pre_5_close_near_high_fraction pre_5_close_near_low_fraction pre_5_volume_total pre_5_vol_vs_avg pre_5_mean_body_pct pre_5_mean_wickiness pre_10_range_atr pre_10_net_return_atr pre_10_body_efficiency pre_10_up_bar_fraction pre_10_down_bar_fraction pre_10_hh_count pre_10_ll_count pre_10_close_near_high_fraction pre_10_close_near_low_fraction pre_10_volume_total pre_10_vol_vs_avg pre_10_mean_body_pct pre_10_mean_wickiness pre_signal_range_compression_3v10 pre_signal_body_compression_3v10 pre_signal_atr_ratio_3v10 pre_signal_vol_compression_3v10 pre_signal_breakout_from_compression_flag dist_to_recent_high_5_atr dist_to_recent_low_5_atr dist_to_recent_high_10_atr dist_to_recent_low_10_atr dist_to_recent_midpoint_10_atr position_in_recent_range_10 failed_push_count_pre_signal swing_extension_at_signal_atr pre_signal_trend_efficiency_5 pre_signal_directional_consistency_5 pre_signal_trend_efficiency_10 pre_signal_directional_consistency_10 prior_regime_duration_bars prior_regime_mfe_atr regime_flips_last_30min regime_flips_last_60min avg_regime_duration_last_5 consecutive_trend_bars_pre_flip price_vs_sma20_atr price_vs_sma50_atr sma20_slope_atr sma50_slope_atr sma20_vs_sma50_atr ema3_slope_atr ema_spread_atr ema3_ema9_spread_atr vol_1m_20avg vol_ratio_up_down_10bar vol_ratio_up_down_20bar vol_acceleration_5bar high_vol_bar_count_10 cumulative_volume_bias_10 is_rth hour_of_day minute_of_hour minutes_since_rth_open distance_from_session_high_atr distance_from_session_low_atr distance_from_session_mid_atr session_bars_since_open checkpoint_s time_since_last_1m_bar_close_s time_until_next_5m_bar_close_s price_vs_signal_close_atr price_vs_flip_bar_high_atr price_vs_flip_bar_low_atr price_vs_bar1_high_atr price_vs_bar1_low_atr price_vs_sma20_30s_atr price_vs_sma20_5m_atr price_vs_ema3_30s_atr price_vs_ema3_5m_atr regime_30s_aligned regime_30s_direction regime_30s_duration_bars ema3_slope_30s_atr ema_spread_30s_atr bar_range_30s_current_atr bar_body_30s_current_atr bar_body_pct_30s_current regime_1m_direction regime_1m_duration_bars price_vs_sma20_1m_atr_checkpoint price_vs_ema3_1m_atr_checkpoint ema_spread_1m_atr_checkpoint regime_5m_aligned regime_5m_direction regime_5m_duration_bars ema3_slope_5m_atr ema_spread_5m_atr micro_same_dir_count_12s micro_opp_dir_count_12s micro_aligned micro_opposing micro_net_return_atr micro_range_compression micro_body_pct_avg max_progress_since_signal_atr max_pullback_since_signal_atr current_progress_atr current_pullback_from_local_peak_atr progress_efficiency_since_signal mfe_mae_ratio_so_far continuation_count_since_signal consecutive_continuation_bars bars_since_last_continuation new_progress_in_last_30s_flag new_progress_in_last_60s_flag stall_60s_flag stall_90s_flag extension_from_last_pullback_atr is_rth_checkpoint hour_of_day_checkpoint minute_of_hour_checkpoint minutes_since_rth_open_checkpoint distance_from_session_high_atr_checkpoint distance_from_session_low_atr_checkpoint distance_from_session_mid_atr_checkpoint
feature_infos=[-1:1] [0.48214285714285715:68.267857142857139] [0.48214285714285715:71.25] [0.2393162393162393:7.0201729106628248] [0:5.749539594843462] [0:1] [0:1] [0:0.94117647058823528] [0:1] [6:12219] [0.19543973941368079:13.237908345838624] [0.044444444444444446:5.8784530386740332] [-2.8197879858657244:4.7964765878535003] [-2.1675774134790529:5.8095238095238093] [0:1] [0:0.94999999999999996] [0.21739130434782608:8.0888888888888886] [0:5.7605985037406482] [0:1] [0:1] [0:1] [0:1] [9:9426] [0.21916411824668705:14.380952380952381] [0:0.94999999999999996] [0.0071355759429153924:7.7259259259259263] [-3.0076045627376429:5.7431421446384041] [0:1] [0:1] [0:1] [0.43478260869565216:8.7146974063400577] [-1.3703703703703705:7.443661971830986] [-0.019235807860262008:0.019076905555081007] [20:18687] [0.012144162966832071:0.85344686425413463] [0.28914505283381364:2.3887005649717512] [-3.1504424778761062:3.0721649484536084] [0:0.8527131782945736] [0:1] [0:1] [0:1] [0:1] [0:1] [0:1] [35:23395] [0.18657298985167839:750.90909090909088] [0:1] [0:0.97916666666666663] [0.34697406340057635:1.8268041237113402] [-4.023952095808383:2.8965517241379306] [0:0.64928909952606639] [0:1] [0:1] [0:1] [0:1] [0:1] [0:1] [53:31272] [0.21561338289962825:442.71428571428572] [0.071111111111111097:0.90000000000000002] [0.10000000000000001:0.92888888888888899] [0.36512968299711818:1.1934222222222222] [-4.5822784810126587:3.3023255813953489] [0:0.58895705521472397] [0:0.90000000000000002] [0.10000000000000001:1] [0:1] [0:1] [0:0.80000000000000004] [0:0.80000000000000004] [201:59875] [0.17943312251112672:670.15384615384619] [0.15241756208862117:0.81666666666666665] [0.1421138318723292:0.84758243791137888] [0.29166666666666669:40750000000] [0:22083333333.333332] [0.29166666666666669:40750000000] [0.2018554062699936:602.29166666666674] [0:1] [-4.6407046824292992:6.6343612334801758] [-5.3686440677966099:5.9042357274401471] [-4.4088397790055254:6.6343612334801758] [-4.8792372881355934:5.9042357274401471] [-5.5638766519823788:5.1565377532228363] [-4.5:4.1379310344827589] [0:9] [1.0111111111111111:6.6343612334801758] [0:0.64928909952606639] [0:1] [0:0.58895705521472397] [0:1] none [0:29.41473684210526] [1:9] [1:13] [3:52.600000000000001] [0:4] [-5.1447033898305303:4.9335174953960985] [-6.0423333333333478:7.2466881028940344] [-2.2994353182751595:2.0619565217392042] [-6.7980952380952662:4.1512121212120592] [-6.0787885010266924:7.3030538922157033] [-4.386290914649603:4.6389213426061042] [0.41716966820367024:4.386099173754836] [-2.4358493073481773:2.3954523152330376] [20.699999999999999:5171.75] [0.29629629629629628:4.9248120300751879] [0.28193832599118945:3.8905472636815919] [-0.73572066041945561:435.42857142857139] [0:10] [-0.33978414588760697:0.51327433628318586] [0:1] [8:14] [0:59] [-10:389] [0:91.710144927536234] [0:141.86666666666667] [-43.842995169082123:70] [180:1319] [0:600] [0:30] [0:270] [-8.0695915279878978:24.798634812286693] [-7.0953101361573374:26.662116040955635] [-7.292117465224111:25.037542662116042] [-8.4084720121028749:25.372013651877136] [-7.7248840803709422:24.129692832764508] [-22.16854838709661:11.689247311828176] [-24.836860068259526:20.865384615384613] [-6.2235814647367897:5.6260168443332077] [-20.957810003246873:13.146678390955023] [0:1] [-1:1] [1:79] [-18.439089922967877:11.370287170852704] [0.16044242123032454:8.5125363054505154] none none none [-1:1] [2:12] [-23.619354838709757:15.033846153845996] [-11.631986207920946:8.750944534547763] [0.20320525389645153:13.939964703306677] [0:1] [-1:1] [1:119] [-11.189430685937293:12.799099166677326] [0.59130303260015304:16.53610482951321] [0:11] [0:11] [0:1] [0:1] [-7.1186440677966099:9.314516129032258] [0:34.000000000000007] [0:1] [0:32.008064516129032] [0:9.9757942511346442] [-8.0695915279878978:24.798634812286693] [0:17.951612903225804] [0:1] [0:492] [0:9] [0:9] [0:8] [0:1] [0:1] [0:1] [0:1] [0:11.685483870967742] none [8:14] [0:59] [0:389] [0:92.460431654676256] [0:142.26666666666668] [-44.937649880095925:70.400000000000006]
tree_sizes=5882 5882 5908 5897

Tree=0
num_leaves=63
num_cat=0
split_feature=107 61 49 1 44 61 95 70 135 19 14 45 117 1 18 116 5 3 82 25 143 114 62 76 44 31 23 45 32 37 98 46 88 72 72 118 156 110 87 143 30 72 108 29 26 89 8 87 108 70 3 49 31 11 45 31 59 86 97 60 143 31
split_gain=1247.49 1996.84 3843.8 2543.05 1620.36 1007.6 1012.13 938.075 977.442 984.206 1099.04 878.174 845.75 1557.56 1976.65 1691 1028.09 981.64 822.719 1458.41 820.039 811.389 836.239 1100.71 791.652 774.212 773.875 1287.51 3203.32 933.9 1078.95 772.24 765.023 722.064 1066.72 812.97 717.277 716.634 1160.86 1147.65 1034.53 1216.45 1009.86 1492.4 979.93 693.515 1618.43 692.11 682.381 908.466 703.775 681.895 1189.35 678.887 659.936 2420.86 720.313 1170.66 1067.95 690.07 1220.43 669.265
threshold=1.1651696028378495 0.79167358729012471 0.37100748604067796 5.2946428571428585 2773.5000000000005 0.94383993692095414 14.900000000000002 1517.5000000000002 2.6880330142490281 0.65261756876663723 0.27320508100147278 9.5334078393156076 7.3258909680149458 4.0982142857142865 0.16302800189843383 18.114553202297135 0.41090580864394183 0.79315229071016913 -0.64022959382552413 0.43776323706377868 1.7549224169205491 2.5000000000000004 -0.2476659074708347 1.1870161917317381 2136.5000000000005 2.0875614486086689 1.0995653897959443 0.89732283215322883 -0.00093167951296318065 0.30024630541871927 0.10164016870856729 0.42286599284570897 0.87500000000000011 0.36002181939788269 0.36262876228780122 932.50000000000011 6.6625852848976583 0.068784672433676738 0.0083507670850767098 1.8660796099156431 1.3087574785096294 0.45872637840719882 1.0159027978441399 0.61078777687720032 -0.09767494686288189 0.28075251219404318 0.077171215880893318 0.33373110580747817 -0.15657894498300617 7514.5000000000009 0.49257262323943668 -0.79230031809664891 3.396977277465083 1.4063447728190701 0.52948051094214388 1.1900540958268937 0.2310210932857992 1.8308299366923946 0.79707838511461582 0.67845494170208143 2.5158425657373895 1.9970205588048768
decision_type=2 2 2 2 2 2 2 2 2 2 2 2 2 2 2 2 2 2 2 2 2 2 2 2 2 2 2 2 2 2 2 2 2 2 2 2 2 2 2 2 2 2 2 2 2 2 2 2 2 2 2 2 2 2 2 2 2 2 2 2 2 2
left_child=5 2 3 -2 -5 7 18 20 9 10 26 32 37 14 -14 -15 -17 -16 19 -7 -1 22 24 -24 -12 48 -9 29 31 -28 -31 53 51 -23 -35 -36 45 39 -39 -3 41 44 47 -44 -40 -8 -47 -42 49 -20 -51 -11 -53 -29 55 -50 57 -56 -59 60 61 -58
right_child=1 12 -4 4 -6 6 36 8 -10 11 21 -13 13 15 17 16 -18 -19 25 -21 -22 33 23 -25 -26 -27 27 28 -30 30 -32 -33 -34 34 35 -37 -38 38 40 -41 42 -43 43 -45 -46 46 -48 -49 54 50 -52 52 -54 -55 56 -57 59 58 -60 -61 -62 -63
leaf_value=-0.036331394606582711 0.13812344635510537 -0.016465409299876749 0.25440227837465157 -0.052290079024754355 0.080831711612951385 0.11444680708994986 -0.012833168249865684 -0.016173564345929297 0.069297972033223659 -0.021300196729834311 -0.10986674065240427 0.071799599259416771 0.16838750358119986 0.10272331855668142 0.12998906879117833 0.079360182800568224 -0.012736511600519012 0.010828211065166113 -0.023187603504840261 -0.027061951644043066 -0.148950860865396 -0.03300968472888309 0.083297860309413163 -0.074736850992156628 -0.02265281361939947 -0.030484931909521326 -0.026442880587515129 0.012128103025571282 0.23043321637658698 -0.0042919279430991015 0.13978107647418769 -0.011564307187537764 -0.043637325738244401 0.07118794608441624 0.059651558956622053 -0.018148118185663427 -0.099582300712115324 0.098759430859760675 0.023416403298387893 -0.13508820129441323 -0.020407921231061603 -0.0047285316332310035 0.1542397150094677 -0.026921193256980024 0.16446539865422294 -0.030492698038272814 0.12968924091641748 0.056392217739925615 -0.017787474885432274 0.086389583944246992 -0.0051473957058482366 -0.0031032943625512246 0.10997556646380093 0.14098295969596625 0.11051695166539634 0.18059888866197354 -0.001428938381815281 -0.021440696781501192 0.090498412415888504 -0.018123486942606057 0.098648447942360259 0.045608892626845768
leaf_weight=574 377 7017 211 765 326 392 54870 3441 354 5690 731 352 310 373 203 322 5143 1163 8884 340 225 8194 215 226 404 2780 1565 208 220 352 206 677 1406 343 339 35388 236 299 225 210 5170 611 222 233 272 361 280 311 464 212 22052 22163 235 201 369 230 49266 819 288 5932 311 768
leaf_count=574 377 7017 211 765 326 392 54870 3441 354 5690 731 352 310 373 203 322 5143 1163 8884 340 225 8194 215 226 404 2780 1565 208 220 352 206 677 1406 343 339 35388 236 299 225 210 5170 611 222 233 272 361 280 311 464 212 22052 22163 235 201 369 230 49266 819 288 5932 311 768
internal_value=-0.00862367 0.00228852 0.0548545 0.0261729 -0.0125122 -0.00973866 -0.00727064 -0.0141274 -0.0136078 -0.0139633 -0.0180713 -0.0067082 -0.00170795 0.0119174 0.054404 -0.000279908 -0.00731014 0.0285366 -0.00408037 0.0487187 -0.0680453 -0.0208663 -0.0561204 0.00230955 -0.0788232 -0.00449876 0.0005785 0.0173892 0.0564521 -0.00664106 0.0488963 0.0212074 -0.00764516 -0.0196111 -0.0165674 -0.0174099 -0.0125989 -0.00873476 0.00226622 -0.0199123 -0.00182968 0.0425218 -0.0101082 0.0614694 0.10061 -0.0122291 0.0394776 -0.0160502 -0.00369245 -0.00966978 -0.00427577 -0.0058435 -0.00191687 0.0754529 -0.000506965 0.0479602 -0.00108938 0.0333905 0.00768167 -0.0019937 -9.31727e-05 -0.000706928
internal_weight=256326 23763 1679 1468 1091 232563 148854 83709 82910 82556 52710 29846 22084 7514 1676 5838 5465 1366 93107 732 799 45840 1576 441 1135 92375 6870 3429 1306 2123 558 1086 29494 44264 36070 35727 55747 14570 7343 7227 7044 1108 5936 455 497 55511 641 5481 89595 31148 22264 28088 22398 409 58447 694 57753 1476 1107 56277 50345 50034
internal_count=256326 23763 1679 1468 1091 232563 148854 83709 82910 82556 52710 29846 22084 7514 1676 5838 5465 1366 93107 732 799 45840 1576 441 1135 92375 6870 3429 1306 2123 558 1086 29494 44264 36070 35727 55747 14570 7343 7227 7044 1108 5936 455 497 55511 641 5481 89595 31148 22264 28088 22398 409 58447 694 57753 1476 1107 56277 50345 50034
is_linear=0
shrinkage=1


Tree=1
num_leaves=63
num_cat=0
split_feature=107 48 117 13 61 33 101 103 61 79 105 19 113 49 176 110 92 47 116 61 1 101 97 26 71 99 31 17 128 96 113 103 12 79 174 74 29 92 90 31 15 13 7 43 49 12 108 83 101 35 63 123 98 79 12 98 71 33 3 49 46 101
split_gain=1125.86 1923.28 3328.01 2672.84 1172.06 2711.2 1143.96 970.034 912.872 1098.43 806.548 847.255 805.893 827.912 920.255 921.975 1106.96 838.275 1327.41 794.928 1155.08 1719.22 1505.01 1429.67 1858.14 780.991 1293.33 751.144 1344.44 867.74 1221.14 838.952 1068.4 859.516 1162.62 828.009 1015.41 821.015 891.926 1207.12 1678.51 820.537 924.365 1149.86 706.441 700.471 819.014 2523.16 719.488 1289.18 916.855 758.571 739.274 704.445 696.694 691.156 1366.79 741.999 646.901 1127.71 694.313 622.868
threshold=1.1651696028378495 0.72658262618335223 5.6376839917632706 0.29507820585421107 0.79167358729012471 3337.5000000000005 1.6274925476416431 2.253554687270261 0.92388253836193523 3.5793687523139579 551.80000000000007 0.9620732642884543 31.500000000000004 -1.1064745101021622 -1.5977781128351334 -0.0088288375893731588 0.14273587193790932 0.85323540303048506 19.167914656017164 0.99059000676352837 4.7589285714285721 1.870668407921477 -0.85389833530538761 -0.06093587193331438 1.0393983092198316 0.58122552219317758 1.218245842640854 0.42758974518430998 -4.6776963503823525 2.5000000000000004 27.500000000000004 1.0585599255539104 -0.070647653000594168 -0.41049031875973135 9.1128328852186176 0.75297156527554099 0.67881736222426559 0.51987347978264131 0.61111111111111127 1.1768471280996982 0.57500000000000007 0.5658114851200805 0.1167748917748918 1.0000000180025095e-35 -1.2145184117065873 2.2882307692307697 8.3133487739635292 -1.6852018436653984 1.2632478904244098 0.64280515144751027 0.0085046109336387229 6.9239818381948277 -4.2581786407766833 -0.50851079240909736 0.91377300860059496 4.0935759732819532 1.1647036280851133 1739.5000000000002 1.5756042287110976 0.63133614188380938 0.31945315693348747 -3.1845919028339886
decision_type=2 2 2 2 2 2 2 2 2 2 2 2 2 2 2 2 8 2 2 2 2 2 2 2 2 2 2 2 2 2 2 2 2 2 2 2 2 10 2 2 2 2 2 2 2 2 2 2 2 2 2 2 2 2 2 2 2 2 2 2 2 2
left_child=6 2 -2 -4 5 -3 8 -7 45 12 11 -8 13 -10 15 16 -15 27 -19 -6 21 23 -22 -21 -25 61 -27 -16 -29 31 -31 35 -33 34 -34 -30 41 -35 -39 -40 -41 54 43 -43 -24 46 48 -48 51 -50 -51 52 -1 -52 -37 -12 57 -57 -17 60 -60 -18
right_child=1 4 3 -5 19 7 10 -9 9 -11 55 -13 -14 14 17 58 25 18 -20 20 22 -23 44 24 -26 26 -28 28 29 30 -32 32 33 37 -36 36 -38 38 39 40 -42 42 -44 -45 -46 -47 47 -49 49 50 53 -53 -54 -55 -56 56 -58 -59 59 -61 -62 -63
leaf_value=0.060008422067861236 -0.010568741556523749 0.21873370379741705 0.25435145403486942 0.044835871980487281 -0.0027940670151416478 0.074347516849297579 -0.024479790099503948 -0.028930074329375166 -0.013575189641743613 0.087119890747003659 -0.0090333860338876245 -0.11068133883086684 -0.0016567164104773651 0.11906825163366277 0.0054392463569141285 -0.012208325596769591 0.074719167893442018 0.0063363707804052205 0.16456559147218089 -0.0056768118824082909 0.13621035626342706 -0.0077883439639623731 0.094879049937717799 0.26137159427476897 0.076446235170987031 -0.0037093066925319427 0.15338316380012698 0.11764130288819699 0.0038760005468967971 -0.019004189347467258 0.10374548222966561 0.09986112444646697 0.024479585766858294 -0.02238557025368814 0.1558250089425128 0.0062286299210993681 0.12256988538474241 0.00030061906158519925 -0.019953736737763218 0.21303738190925547 0.038696220277048304 0.16646391416427958 0.029065482278988437 0.05415925227723254 0.00044327075738967274 -0.049950797953807878 -0.041197061618271323 0.1677898683788297 0.11416253710845028 0.1015491521017135 0.085697999661663624 -0.05674077676422648 -0.0067812007905645195 -0.0061637483401709497 0.10489797922503204 0.069712127760854045 0.14379162189166692 -0.015813984962522867 0.073771228131406227 0.11819098789875551 -0.0153389114666319 0.0035332264887388111
leaf_weight=418 618 210 318 292 13827 428 3678 485 5173 380 24869 309 74719 227 23468 12958 315 311 231 205 222 552 205 222 350 290 239 341 1411 2435 221 329 1069 2454 200 1696 413 2666 332 210 403 373 996 586 5829 868 316 266 305 239 224 754 46961 3055 200 344 211 965 276 254 1051 12554
leaf_count=418 618 210 318 292 13827 428 3678 485 5173 380 24869 309 74719 227 23468 12958 315 311 231 205 222 552 205 222 350 290 239 341 1411 2435 221 329 1069 2454 200 1696 413 2666 332 210 403 373 996 586 5829 868 316 266 305 239 224 754 46961 3055 200 344 211 965 276 254 1051 12554
internal_value=-9.32553e-05 0.0102733 0.0712088 0.154059 0.00695277 0.0567442 -0.0011525 0.0194848 0.000206735 0.00221962 -0.0101998 -0.0311606 0.00200222 0.00571266 0.00716906 0.000233231 0.00957828 0.0120108 0.0737735 0.00434135 0.0173488 0.0596823 0.00835562 0.107615 0.148218 0.00772321 0.0672644 0.0111698 0.0194027 0.0173082 -0.00879046 0.0225052 0.0117138 0.00775958 0.0451802 0.0370769 0.0480634 -7.00664e-05 0.0150953 0.0568336 0.0984216 0.040073 0.0628018 0.0978398 0.00365165 -0.00540086 -0.00466484 0.0543193 -0.00532557 0.0155522 0.00700294 -0.00698379 -0.00619195 0.00011165 0.0166368 -0.00703288 0.0256977 0.00666194 -0.00852434 0.0216699 0.00319492 0.00527568
internal_weight=256326 23763 1228 610 22535 1123 232563 913 202187 148781 30376 3987 148401 73682 68509 28164 13625 40345 542 21412 7585 1329 6256 777 572 13398 529 39803 16335 15994 2656 13338 7663 7334 1269 5675 4264 6065 3611 945 613 3851 1955 959 6034 53406 52538 582 51956 3823 3518 48133 47379 3279 1896 26389 1520 1309 14539 1581 1327 12869
internal_count=256326 23763 1228 610 22535 1123 232563 913 202187 148781 30376 3987 148401 73682 68509 28164 13625 40345 542 21412 7585 1329 6256 777 572 13398 529 39803 16335 15994 2656 13338 7663 7334 1269 5675 4264 6065 3611 945 613 3851 1955 959 6034 53406 52538 582 51956 3823 3518 48133 47379 3279 1896 26389 1520 1309 14539 1581 1327 12869
is_linear=0
shrinkage=0.05


Tree=2
num_leaves=63
num_cat=0
split_feature=107 48 176 67 59 10 101 34 108 38 108 105 17 17 17 159 75 105 97 103 101 147 17 63 44 59 98 71 9 83 34 118 101 95 54 45 103 71 87 173 26 92 14 11 100 81 146 8 115 71 13 107 116 63 107 157 49 71 5 99 77 14
split_gain=1016.09 1735.76 2338.23 1411.17 1195.11 2735.45 1032.43 795.568 1233.92 1326.47 857.912 1011.98 1061.34 1082.49 866.979 774.994 2554.9 727.909 794.909 706.098 2069.95 705.229 677.711 1665.85 762.593 665.354 623.768 1233.53 868.43 610.044 1169.18 605.771 618.517 605.147 605.078 724.693 712.585 830.91 2150.75 941.153 822.634 629.181 1180.47 671.677 652.082 1590.93 1014.51 600.751 592.476 1031.66 1233.08 633.385 573.344 578.647 565.908 816.94 695.823 586.504 574.066 646.793 607.379 1089.64
threshold=1.1651696028378495 0.72658262618335223 8.696699134199136 0.3888888888888889 0.67841960881675145 1.2731794936759206 1.6274925476416431 0.52716300831227125 8.3133487739635292 0.50000000000000011 1.67176757066463 471.27500000000003 0.30707367138137859 0.22590771011138439 1.9650900043161452 3.6783728992831128 0.80067767457860339 551.80000000000007 1.2912424712567143 2.0443659916608814 0.60736872577858259 0.37240196130326403 0.034104800902023627 0.13919526159921028 2449.5000000000005 0.57651434176670824 4.0935759732819532 1.1647036280851133 828.50000000000011 -1.7338166847872558 0.05311389621389128 927.50000000000011 -1.4626997862873867 3.9000000000000004 0.62500000000000011 4.5067316203323768 0.77751283749227851 0.63603619511221876 0.016506221051675599 136.50000000000003 0.10532919500759429 7.6337405792170578 0.7617527377737775 0.38013987192450294 0.98285714285713255 2.4064307851239675 24.500000000000004 0.30790020790020795 1.8816366154153641 0.61642354939757904 0.34632195965842172 1.135992617611717 26.168014921258489 1.0000000180025095e-35 1.1271947579640236 0.42476802130767255 0.42392151469307299 0.84227161840625842 0.99802371541501989 -0.55731596558862062 0.82826575184526663 0.15711611302189912
decision_type=2 2 2 2 2 2 2 2 2 2 2 2 2 2 2 2 2 2 2 2 2 2 2 2 2 2 2 2 2 2 2 2 2 2 2 2 2 2 2 2 2 8 2 2 2 2 2 2 2 2 2 2 2 2 2 2 2 2 2 2 2 2
left_child=6 2 3 -2 22 -6 7 8 10 -10 15 -12 13 -13 25 19 -17 18 21 33 -21 -8 23 24 -3 -14 29 28 -28 30 -19 -24 -33 -1 35 36 40 38 -38 -40 -34 42 44 -43 -39 46 -46 52 49 50 -35 54 53 -31 58 56 57 -56 60 -60 -50 -62
right_child=1 4 -4 -5 5 -7 17 -9 9 -11 11 12 14 -15 -16 16 -18 26 -20 20 -22 -23 31 -25 -26 -27 27 -29 -30 47 -32 32 34 48 -36 -37 37 41 39 -41 -42 43 -44 -45 45 -47 -48 -49 51 -51 -52 -53 -54 -55 55 -57 -58 -59 59 -61 61 -63
leaf_value=0.083805050349511079 0.10608275690181708 -0.044944203525840769 0.17012931897752379 -0.027987002571043779 -0.033331207973727336 0.22262770104784479 -0.097160689540517833 -0.057292971135272333 0.14528373644837844 -0.010480220630824806 -0.090334410235775098 0.005136508697713555 -0.043003574328727971 0.13585654675522005 0.051898750254376895 0.16983317371905429 -0.067276550526501319 0.10807217948284234 -0.12525041146628849 -0.014770637748611939 0.18329355173539827 -0.01798347702227104 -0.055133132641053489 0.17519412616686897 0.068678770819343898 0.028031333282768252 0.088925376358383809 0.13660204008230456 -0.013751607296032281 0.062795774744710889 -0.0037211428233067338 -0.0482163927845774 0.0056804368458310472 -0.00082063941018208216 -0.0066975459953512867 0.09279136209051643 0.19561552723970119 -8.5217814528911964e-05 0.091687477791473571 -0.013165154853139464 0.14770276825397741 0.070876086885109546 0.09945374408976522 -0.016097250975497742 -0.0074317912683933944 0.12647146038166759 0.11298355705507963 0.013822529841471627 -0.0034542426948366029 0.0076797194281857193 0.15890463849110345 -0.017925852045452686 -0.027446799901558967 -0.009585662256827214 0.089085487382782796 -0.0020327739630487895 0.11540092839130621 -0.01650239065907531 0.037680205304325254 -0.034723271505926322 0.086524463588154174 0.0022451901650327277
leaf_weight=217 310 315 383 535 216 202 306 600 303 249 472 685 2674 206 323 258 203 320 206 370 205 3475 434 200 278 376 256 211 1053 281 869 541 208 233 6455 271 204 5597 304 723 200 235 373 4009 1192 373 205 2321 72025 13127 251 5065 5176 15902 220 1141 361 327 361 2119 385 99431
leaf_count=217 310 315 383 535 216 202 306 600 303 249 472 685 2674 206 323 258 203 320 206 370 205 3475 434 200 278 376 256 211 1053 281 869 541 208 233 6455 271 204 5597 304 723 200 235 373 4009 1192 373 205 2321 72025 13127 251 5065 5176 15902 220 1141 361 327 361 2119 385 99431
internal_value=-8.85923e-05 0.00975966 0.0676483 0.0211984 0.00660513 0.0903619 -0.00109487 0.000196399 0.000367509 0.0750206 0.000162527 -0.020866 -0.0131762 0.0353591 -0.0259972 0.000669871 0.0654226 -0.00968977 -0.0296025 0.000517444 0.0558436 -0.0243914 0.00502217 0.0504087 0.00832255 -0.0342465 -0.00668124 0.0244128 0.00632884 -0.00858172 0.0263662 0.00333433 0.00454902 0.000354523 0.00595185 0.0118286 0.010218 0.00820872 0.0473275 0.017872 0.0752992 0.00419043 0.0126739 -0.0112813 0.00828014 0.0347326 0.0102383 -0.0103365 0.000261679 0.0103229 0.0820121 -0.000493102 -0.0129618 -0.00832884 7.53189e-06 0.0261312 0.0615223 0.0259644 -0.000299531 -0.0241839 4.51673e-05 0.00257026
internal_weight=256326 23763 1228 845 22535 418 232563 202187 201587 552 201035 4736 4264 891 3373 196299 461 30376 3987 195838 575 3781 22117 793 593 3050 26389 1520 1309 24869 1189 21324 20890 195263 20349 13894 13623 13215 1231 1027 408 11984 7740 4244 7367 1770 1397 23680 195046 13611 484 181435 21359 16183 176370 2049 908 547 174321 2480 171841 99816
internal_count=256326 23763 1228 845 22535 418 232563 202187 201587 552 201035 4736 4264 891 3373 196299 461 30376 3987 195838 575 3781 22117 793 593 3050 26389 1520 1309 24869 1189 21324 20890 195263 20349 13894 13623 13215 1231 1027 408 11984 7740 4244 7367 1770 1397 23680 195046 13611 484 181435 21359 16183 176370 2049 908 547 174321 2480 171841 99816
is_linear=0
shrinkage=0.05


Tree=3
num_leaves=63
num_cat=0
split_feature=107 48 117 13 61 1 101 61 116 44 123 12 77 103 79 17 48 17 109 72 107 61 106 19 108 104 44 156 97 92 23 100 117 80 146 60 61 116 7 49 80 23 4 113 147 21 105 19 77 115 108 110 25 48 22 77 10 72 113 58 8 44
split_gain=917.02 1566.52 2801.69 2359.7 1027.03 2415.39 931.766 827.398 939.352 819.413 813.322 794.164 1033.14 2118.64 761.648 760.632 740.019 1508.71 1684.2 1582.1 968.109 735.301 1081.81 2251.01 1154.15 1013.62 986.789 847.763 842.149 939.567 1039.23 766.522 1471.61 1266.01 726.095 718.709 702.048 1076.16 1202.53 1636.16 1412.78 1728.17 957.407 715.615 663.427 658.477 656.938 753.302 642.736 705.914 1190.36 1048.73 630.871 634.861 1417.91 897.543 1104.91 876.249 840.926 752.96 1168.97 691.904
threshold=1.1651696028378495 0.72658262618335223 5.6376839917632706 0.29507820585421107 0.79167358729012471 5.2946428571428585 1.6274925476416431 0.94893155593679979 4.2850258175559395 2773.5000000000005 6.9239818381948277 2.2882307692307697 6.3650363178883413 2.1342126823612961 3.8725379364320189 1.7331715210355989 0.7116036267057424 1.5431350488150113 1.5000000000000002 0.52681890635372153 1.0710952533751328 0.82194059261421704 0.67488832770801965 0.071796759941089847 0.025039025830963273 0.13831190643525046 2205.5000000000005 5.8517416105044155 -1.1165804119077702 3.2002805049088363 1.5735723459323505 0.31824679020213864 2.8457701899098411 0.047177792540355791 11.500000000000002 0.58668278695758891 0.98981933306642256 11.526525262727558 0.090703414232826005 -0.57291334396597537 -0.31368555568867057 0.8925146490274255 0.39455151964418095 7.5000000000000009 2.6129948513033345 0.36023255813953492 551.80000000000007 0.9620732642884543 1.4898710554167371 9.1227657324167133 0.69119441528466641 0.048675912902118416 0.062453566121842503 1.0008641284061219 172.50000000000003 1.3029612157038546 1.1376774365862077 0.28811491236967651 29.500000000000004 0.64591696209133376 0.11778579356270812 807.50000000000011
decision_type=2 2 2 2 2 2 2 2 2 2 2 2 2 2 2 2 2 2 2 2 2 2 2 2 2 2 2 2 2 10 2 2 2 2 2 2 2 2 2 2 2 2 2 2 2 2 2 2 2 2 2 2 2 2 2 2 2 2 2 2 2 2
left_child=6 2 35 -4 5 -3 7 8 10 -7 14 12 16 -14 -1 34 17 19 -19 20 -10 31 23 -23 -25 26 28 -27 29 30 -24 -18 33 -33 -9 -2 -6 43 -39 -40 41 -41 44 -38 -42 -26 47 -8 49 -28 51 -51 -36 54 -54 61 58 -55 -57 60 -59 -56
right_child=1 4 3 -5 36 9 46 15 11 -11 -12 -13 13 -15 -16 -17 21 18 -20 -21 -22 22 25 24 45 27 48 -29 -30 -31 -32 32 -34 -35 52 -37 37 38 39 40 42 -43 -44 -45 -46 -47 -48 -49 -50 50 -52 -53 53 57 55 56 -58 59 -60 -61 -62 -63
leaf_value=-0.012574866695411462 -0.072999398930894452 0.19428638930377717 0.23451763800163783 0.037657242117143455 -0.0029074653815984557 -0.020206324632237684 -0.021822936192828261 -0.00068001636440775145 -0.016069318660639407 0.080872427387593815 -0.093896953675644712 -0.049747293871373333 -0.015024166887606778 0.14725460304837029 0.07402242759889506 0.09825423694139597 -0.040674992818302572 -0.0059528686248271146 0.16875650473331741 0.12373531633985616 0.069082377740100592 0.19155284920144222 -0.012506257398610582 0.10945838769264303 -0.045830096669371156 0.0056001763090738413 -0.0023799921783980858 0.10707317817409955 -0.022952194789223432 0.11260914999912888 0.089729531893552719 0.17103787932264647 -0.042572632648943738 -0.0022164886635706624 -0.012675532062140994 0.035951409265187917 0.072360862971421469 -0.000391686450176386 0.15463290268056074 0.18317770134295605 0.1480686776150977 -0.0010042833485025562 -0.0036838078108775867 -0.012609920539999462 0.020999979548619697 0.039022239047335462 -0.0063471773738197042 -0.1031045745696547 -0.027683078065870018 0.0087095398424008111 0.12907392266188183 0.11780220732531127 0.14093125493089725 0.088943241634308459 -0.036193161702161122 0.17766190436037921 0.011055925574615114 0.14672924341725796 0.042239092691620524 -0.00073182810633976969 -0.0047464734493670143 0.01222551355995824
leaf_weight=21141 265 238 318 292 13780 578 3678 72249 2352 307 304 805 459 358 257 208 2306 236 332 266 389 215 2043 258 541 19749 7209 208 11626 201 283 206 534 216 3750 353 270 1708 347 319 202 212 1353 3012 209 396 26389 309 1576 2962 255 238 217 286 760 251 553 223 211 19960 297 25301
leaf_count=21141 265 238 318 292 13780 578 3678 72249 2352 307 304 805 459 358 257 208 2306 236 332 266 389 215 2043 258 541 19749 7209 208 11626 201 283 206 534 216 3750 353 270 1708 347 319 202 212 1353 3012 209 396 26389 309 1576 2962 255 238 217 286 760 251 553 223 211 19960 297 25301
internal_value=-8.41626e-05 0.00927168 0.0642659 0.140283 0.00627487 0.052884 -0.00104013 0.000186579 -0.00385266 0.0148572 -0.0126885 -0.000441791 0.000274471 0.0560845 -0.0115348 0.00271938 -0.000560681 0.0214305 0.096166 0.00731347 -0.00398467 -0.00210155 -0.000532875 0.042612 0.0158151 -0.00184537 -0.008275 0.00665777 -0.0172659 0.00889498 -6.74232e-05 -0.0250691 0.0125745 0.0823579 0.00255921 -0.010767 0.00383035 0.0159959 0.0323044 0.0534417 0.0381418 0.109644 0.0166183 -0.00561964 0.0834522 -0.00996934 -0.00920528 -0.0281224 0.00212112 0.00652579 0.0251081 0.0168233 0.00707639 0.00861761 0.0136303 0.0126101 0.0587384 0.00202935 0.115813 0.000815607 0.0602133 0.0108135
internal_weight=256326 23763 1228 610 22535 1123 232563 202187 77921 885 21702 56219 55414 817 21398 124266 54597 3575 568 3007 2741 51022 47760 1410 1195 46350 26393 19957 14153 2527 2326 3262 956 422 124058 618 21412 7632 4350 2642 2295 531 1764 3282 411 937 30376 3987 12240 10664 3455 3200 51809 48059 27293 27076 1015 20766 462 20480 520 26061
internal_count=256326 23763 1228 610 22535 1123 232563 202187 77921 885 21702 56219 55414 817 21398 124266 54597 3575 568 3007 2741 51022 47760 1410 1195 46350 26393 19957 14153 2527 2326 3262 956 422 124058 618 21412 7632 4350 2642 2295 531 1764 3282 411 937 30376 3987 12240 10664 3455 3200 51809 48059 27293 27076 1015 20766 462 20480 520 26061
is_linear=0
shrinkage=0.05


end of trees

feature_importances:
pre_10_range_atr=9
sma20_vs_sma50_atr=8
bar1_body_atr=7
pre_5_net_return_atr=7
vol_ratio_up_down_20bar=7
vol_acceleration_5bar=7
two_bar_body_atr=6
pre_3_volume_total=6
pre_10_vol_vs_avg=6
pre_5_range_atr=5
pre_10_mean_body_pct=5
ema_spread_atr=5
distance_from_session_low_atr=5
atr_at_signal=4
flip_high_vs_prior_high_atr=4
flip_low_vs_prior_low_atr=4
bar1_close_location=4
pre_3_vol_vs_avg=4
pre_signal_vol_compression_3v10=4
dist_to_recent_high_5_atr=4
prior_regime_mfe_atr=4
price_vs_sma20_atr=4
price_vs_sma50_atr=4
vol_1m_20avg=4
minute_of_hour=4
distance_from_session_mid_atr=4
flip_range_atr=3
flip_lower_wick_pct=3
flip_bar_bullish_volume_pct=3
bar1_vol_vs_flip_vol=3
bar1_close_vs_flip_close_atr=3
pre_5_mean_body_pct=3
pre_10_body_efficiency=3
pre_signal_trend_efficiency_5=3
cumulative_volume_bias_10=3
ema_spread_1m_atr_checkpoint=3
flip_body_pct=2
flip_upper_wick_pct=2
flip_vol_vs_20avg=2
flip_close_vs_prior_close_atr=2
bar1_hh_amount_atr=2
bar1_bullish_volume_pct=2
two_bar_volume_total=2
two_bar_vol_vs_40avg=2
pre_3_mean_body_pct=2
pre_5_mean_wickiness=2
pre_10_volume_total=2
dist_to_recent_low_5_atr=2
dist_to_recent_midpoint_10_atr=2
avg_regime_duration_last_5=2
sma20_slope_atr=2
sma50_slope_atr=2
distance_from_session_high_atr=2
session_bars_since_open=2
price_vs_flip_bar_high_atr=2
regime_5m_duration_bars=2
ema3_slope_5m_atr=2
max_progress_since_signal_atr=2
distance_from_session_mid_atr_checkpoint=2
flip_body_atr=1
flip_volume=1
flip_bar_vol_rank_20=1
bar1_body_pct=1
bar1_lower_wick_pct=1
bar1_volume=1
two_bar_range_atr=1
two_bar_close_vs_open_pct=1
pre_3_range_atr=1
pre_3_body_efficiency=1
pre_3_up_bar_fraction=1
pre_3_close_near_low_fraction=1
pre_3_mean_wickiness=1
pre_5_ll_count=1
pre_5_vol_vs_avg=1
pre_10_net_return_atr=1
pre_10_ll_count=1
pre_signal_range_compression_3v10=1
pre_signal_body_compression_3v10=1
pre_signal_atr_ratio_3v10=1
dist_to_recent_high_10_atr=1
dist_to_recent_low_10_atr=1
swing_extension_at_signal_atr=1
pre_signal_directional_consistency_5=1
pre_signal_trend_efficiency_10=1
pre_signal_directional_consistency_10=1
consecutive_trend_bars_pre_flip=1
ema3_ema9_spread_atr=1
vol_ratio_up_down_10bar=1
high_vol_bar_count_10=1
minutes_since_rth_open=1
price_vs_sma20_5m_atr=1
ema_spread_30s_atr=1
max_pullback_since_signal_atr=1
current_pullback_from_local_peak_atr=1
minutes_since_rth_open_checkpoint=1
distance_from_session_high_atr_checkpoint=1

parameters:
[boosting: gbdt]
[objective: regression]
[metric: rmse]
[tree_learner: serial]
[device_type: cpu]
[data_sample_strategy: bagging]
[data: ]
[valid: ]
[num_iterations: 2000]
[learning_rate: 0.05]
[num_leaves: 63]
[num_threads: 0]
[seed: 42]
[deterministic: 1]
[force_col_wise: 0]
[force_row_wise: 0]
[histogram_pool_size: -1]
[max_depth: -1]
[min_data_in_leaf: 200]
[min_sum_hessian_in_leaf: 0.001]
[bagging_fraction: 0.8]
[pos_bagging_fraction: 1]
[neg_bagging_fraction: 1]
[bagging_freq: 5]
[bagging_seed: 400]
[bagging_by_query: 0]
[feature_fraction: 0.8]
[feature_fraction_bynode: 1]
[feature_fraction_seed: 30056]
[extra_trees: 0]
[extra_seed: 12879]
[early_stopping_round: 0]
[early_stopping_min_delta: 0]
[first_metric_only: 0]
[max_delta_step: 0]
[lambda_l1: 0]
[lambda_l2: 0]
[linear_lambda: 0]
[min_gain_to_split: 0]
[drop_rate: 0.1]
[max_drop: 50]
[skip_drop: 0.5]
[xgboost_dart_mode: 0]
[uniform_drop: 0]
[drop_seed: 17869]
[top_rate: 0.2]
[other_rate: 0.1]
[min_data_per_group: 100]
[max_cat_threshold: 32]
[cat_l2: 10]
[cat_smooth: 10]
[max_cat_to_onehot: 4]
[top_k: 20]
[monotone_constraints: ]
[monotone_constraints_method: basic]
[monotone_penalty: 0]
[feature_contri: ]
[forcedsplits_filename: ]
[refit_decay_rate: 0.9]
[cegb_tradeoff: 1]
[cegb_penalty_split: 0]
[cegb_penalty_feature_lazy: ]
[cegb_penalty_feature_coupled: ]
[path_smooth: 0]
[interaction_constraints: ]
[verbosity: -1]
[saved_feature_importance_type: 0]
[use_quantized_grad: 0]
[num_grad_quant_bins: 4]
[quant_train_renew_leaf: 0]
[stochastic_rounding: 1]
[linear_tree: 0]
[max_bin: 255]
[max_bin_by_feature: ]
[min_data_in_bin: 3]
[bin_construct_sample_cnt: 200000]
[data_random_seed: 175]
[is_enable_sparse: 1]
[enable_bundle: 1]
[use_missing: 1]
[zero_as_missing: 0]
[feature_pre_filter: 1]
[pre_partition: 0]
[two_round: 0]
[header: 0]
[label_column: ]
[weight_column: ]
[group_column: ]
[ignore_column: ]
[categorical_feature: ]
[forcedbins_filename: ]
[precise_float_parser: 0]
[parser_config_file: ]
[objective_seed: 16083]
[num_class: 1]
[is_unbalance: 0]
[scale_pos_weight: 1]
[sigmoid: 1]
[boost_from_average: 1]
[reg_sqrt: 0]
[alpha: 0.9]
[fair_c: 1]
[poisson_max_delta_step: 0.7]
[tweedie_variance_power: 1.5]
[lambdarank_truncation_level: 30]
[lambdarank_norm: 1]
[label_gain: ]
[lambdarank_position_bias_regularization: 0]
[eval_at: ]
[multi_error_top_k: 1]
[auc_mu_weights: ]
[num_machines: 1]
[local_listen_port: 12400]
[time_out: 120]
[machine_list_filename: ]
[machines: ]
[gpu_platform_id: -1]
[gpu_device_id: -1]
[gpu_use_dp: 0]
[num_gpu: 1]

end of parameters

pandas_categorical:[]
